,order_id,rate
0,2,0.27
19,7,0.27
28,3,0.07
39,9,0.07
58,10,0.07
66,4,0.05
74,5,0.05
86,6,0.05
102,8,0.29
121,11,0.12
129,13,0.12
136,12,0.1
148,14,0.09
154,18,0.09
171,20,0.09
187,15,0.19
196,16,0.14
213,17,0.27
224,19,0.12
244,21,0.22
259,22,0.17
269,23,0.17
287,24,0.22
297,25,0.15
316,26,0.28
331,27,0.25
344,28,0.15
352,29,0.15
366,30,0.22
380,31,0.07
395,40,0.07
415,32,0.14
423,33,0.12
435,34,0.12
451,36,0.12
459,37,0.12
475,38,0.12
495,35,0.19
515,39,0.06
525,41,0.19
542,42,0.19
549,43,0.16
554,44,0.16
565,45,0.12
576,46,0.21
587,47,0.16
600,48,0.17
619,49,0.17
630,50,0.25
643,52,0.25
658,54,0.25
668,58,0.25
683,51,0.27
693,55,0.27
707,53,0.26
727,56,0.23
738,57,0.27
756,59,0.25
771,61,0.25
777,60,0.07
787,64,0.07
795,62,0.19
807,67,0.19
818,63,0.23
826,65,0.27
833,66,0.11
851,68,0.11
858,69,0.06
874,76,0.06
892,70,0.16
902,71,0.13
909,72,0.22
919,73,0.22
936,75,0.22
949,74,0.17
963,77,0.18
974,78,0.13
991,79,0.18
999,80,0.09
1014,81,0.12
1021,82,0.16
1034,83,0.19
1050,84,0.24
1055,85,0.23
1060,86,0.23
1071,87,0.16
1082,95,0.16
1092,88,0.07
1098,93,0.07
1114,89,0.22
1124,90,0.22
1129,91,0.28
1137,92,0.07
1147,94,0.07
1160,96,0.29
1168,97,0.23
1186,98,0.17
1194,102,0.17
1214,99,0.08
1234,105,0.08
1250,100,0.17
1261,101,0.17
1270,103,0.12
1284,104,0.08
1294,106,0.17
1313,107,0.05
1324,112,0.05
1331,108,0.24
1344,109,0.2
1359,110,0.11
1375,111,0.09
1388,113,0.1
1394,114,0.1
1399,115,0.18
1415,116,0.21
1420,117,0.21
1436,118,0.1
1453,119,0.08
1469,120,0.12
1481,129,0.12
1496,121,0.18
1512,122,0.23
1524,126,0.23
1534,123,0.25
1540,127,0.25
1558,124,0.18
1578,125,0.28
1587,128,0.28
1601,130,0.22
1611,131,0.2
1617,132,0.2
1634,133,0.29
1652,135,0.29
1671,137,0.29
1684,134,0.05
1700,136,0.05
1720,138,0.07
1731,139,0.28
1742,140,0.28
1762,141,0.17
1781,142,0.29
1786,143,0.24
1802,144,0.07
1813,145,0.08
1829,146,0.18
1839,147,0.11
1854,148,0.11
1864,149,0.21
1874,150,0.07
1892,151,0.07
1912,152,0.15
1922,153,0.15
1927,154,0.07
1946,155,0.21
1951,157,0.21
1967,156,0.29
1977,158,0.28
1990,159,0.21
2006,160,0.07
2024,161,0.13
2035,162,0.18
2042,163,0.18
2048,164,0.06
2066,165,0.18
2079,166,0.23
2087,167,0.07
2105,168,0.09
2125,169,0.26
2130,170,0.2
2142,171,0.11
2151,172,0.16
2167,173,0.07
2179,174,0.24
2189,175,0.08
2195,176,0.3
2205,177,0.23
2210,178,0.27
2215,179,0.21
2233,180,0.09
2248,181,0.2
2254,182,0.07
2266,183,0.26
2285,184,0.28
2301,185,0.28
2312,187,0.28
2320,186,0.29
2325,188,0.06
2336,189,0.28
2342,190,0.29
2359,191,0.28
2364,194,0.28
2370,192,0.07
2380,193,0.23
2400,195,0.2
2405,196,0.23
2415,197,0.21
2429,200,0.21
2438,198,0.07
2448,199,0.2
2466,201,0.24
2479,202,0.1
2494,204,0.1
2513,207,0.1
2532,203,0.2
2551,205,0.2
2564,206,0.05
2582,208,0.09
2596,209,0.13
2614,211,0.13
2626,213,0.13
2637,210,0.17
2654,212,0.19
2660,214,0.15
2667,215,0.24
2681,216,0.15
2691,217,0.15
2709,218,0.08
2726,219,0.24
2745,220,0.28
2755,221,0.3
2775,225,0.3
2788,222,0.24
2797,223,0.16
2809,224,0.16
2828,226,0.16
2848,227,0.3
2859,228,0.1
2877,229,0.16
2887,230,0.2
2903,231,0.19
2911,232,0.14
2918,233,0.29
2935,234,0.21
2946,235,0.11
2966,240,0.11
2978,236,0.19
2998,237,0.16
3016,238,0.26
3029,239,0.26
3044,241,0.16
3050,242,0.25
3055,243,0.11
3066,245,0.11
3080,244,0.1
3087,246,0.07
3101,247,0.21
3116,248,0.05
3130,249,0.12
3149,250,0.12
3154,251,0.17
3166,252,0.23
3182,254,0.23
3195,255,0.23
3214,253,0.22
3231,256,0.14
3241,257,0.1
3260,258,0.1
3267,259,0.2
3285,267,0.2
3294,260,0.15
3311,261,0.12
3327,265,0.12
3347,262,0.27
3364,263,0.26
3381,264,0.26
3387,266,0.06
3407,268,0.1
3417,269,0.26
3430,270,0.26
3436,271,0.06
3452,273,0.06
3465,272,0.24
3476,274,0.19
3485,275,0.21
3496,276,0.27
3509,277,0.09
3527,281,0.09
3546,278,0.17
3566,279,0.17
3579,280,0.05
3589,282,0.05
3594,283,0.06
3600,284,0.26
3618,285,0.18
3627,286,0.21
3636,287,0.29
3645,288,0.09
3658,289,0.25
3676,290,0.15
3696,291,0.21
3703,292,0.21
3713,293,0.3
3721,294,0.21
3736,295,0.16
3756,298,0.16
3763,300,0.16
3772,296,0.24
3783,302,0.24
3795,297,0.07
3805,299,0.22
3814,303,0.22
3827,301,0.22
3836,304,0.07
3843,305,0.27
3856,306,0.05
3867,310,0.05
3883,307,0.18
3899,308,0.18
3912,309,0.21
3923,311,0.13
3936,312,0.24
3952,313,0.17
3963,316,0.17
3975,314,0.08
3986,319,0.08
3996,315,0.22
4004,317,0.24
4016,318,0.24
4024,320,0.21
4032,321,0.21
4052,322,0.21
4072,323,0.16
4079,324,0.05
4085,325,0.14
4097,326,0.13
4117,328,0.13
4122,327,0.14
4128,329,0.14
4144,330,0.19
4152,331,0.21
4166,332,0.07
4171,333,0.07
4187,334,0.15
4193,335,0.08
4210,336,0.15
4230,337,0.15
4242,338,0.15
4256,339,0.08
4263,340,0.19
4274,342,0.19
4279,341,0.27
4295,344,0.27
4302,343,0.27
4311,345,0.12
4322,346,0.25
4339,347,0.25
4349,348,0.25
4360,350,0.25
4374,349,0.2
4381,351,0.29
4388,356,0.29
4395,352,0.27
4413,353,0.19
4431,354,0.08
4437,355,0.13
4454,357,0.23
4464,358,0.28
4474,360,0.28
4490,359,0.25
4501,361,0.24
4518,362,0.12
4532,363,0.29
4548,367,0.29
4559,364,0.11
4568,366,0.11
4574,368,0.11
4588,365,0.14
4596,369,0.2
4606,372,0.2
4625,370,0.08
4640,371,0.21
4648,373,0.09
4657,376,0.09
4673,374,0.27
4690,375,0.27
4695,377,0.23
4714,378,0.2
4721,385,0.2
4735,379,0.28
4749,383,0.28
4755,380,0.13
4774,381,0.23
4785,384,0.23
4793,382,0.15
4807,386,0.15
4823,387,0.27
4843,389,0.27
4861,391,0.27
4873,388,0.14
4879,390,0.12
4885,392,0.29
4901,393,0.27
4912,394,0.08
4931,395,0.15
4940,396,0.15
4946,397,0.16
4954,398,0.29
4974,399,0.21
4988,401,0.21
5008,400,0.24
5017,402,0.19
5033,403,0.19
5050,404,0.27
5066,405,0.3
5080,406,0.18
5098,407,0.18
5107,408,0.1
5125,409,0.1
5143,410,0.05
5158,411,0.18
5170,417,0.18
5175,412,0.17
5187,413,0.17
5196,414,0.22
5211,416,0.22
5224,415,0.15
5244,418,0.16
5261,420,0.16
5279,425,0.16
5288,419,0.1
5299,421,0.21
5310,422,0.06
5320,423,0.22
5340,424,0.06
5359,426,0.21
5375,430,0.21
5381,432,0.21
5398,427,0.2
5411,431,0.2
5431,428,0.19
5442,434,0.19
5457,429,0.25
5467,433,0.3
5476,435,0.11
5482,438,0.11
5502,436,0.24
5512,437,0.06
5523,439,0.16
